500
275
286
728
588
550
889
196
423
197
28
109
125
179
802
923
867
38
962
87
497
723
836
4
559
761
899
924
951
254
260
969
314
364
803
964
189
561
103
281
404
451
551
251
393
508
567
644
645
745
880
34
70
148
228
509
812
19
313
145
225
348
13
217
367
11
241
500
855
921
936
939
22
35
50
272
302
648
663
779
896
992
81
149
219
480
712
736
247
300
387
416
546
557
594
755
90
181
211
450
654
777
831
878
139
370
539
629
677
732
23
216
485
725
887
48
277
504
596
627
820
922
25
111
127
467
502
616
743
83
92
113
433
457
488
499
533
688
815
5
89
329
463
472
516
641
706
890
154
347
352
468
479
555
576
638
729
771
775
994
201
421
623
650
907
120
159
320
349
605
768
830
202
265
391
584
754
913
950
963
78
98
381
799
3
287
702
972
7
166
187
406
532
536
718
746
473
507
570
739
756
852
864
209
267
279
9
106
411
439
604
606
614
652
719
741
845
849
905
987
296
396
530
821
839
860
942
203
255
301
724
792
877
926
292
436
757
229
334
462
679
707
970
986
283
328
358
360
613
680
730
997
193
299
425
446
526
850
998
100
178
239
294
483
610
611
669
742
807
906
908
213
704
826
514
786
935
975
41
233
311
429
460
549
888
925
312
361
442
658
823
886
944
73
298
435
456
554
575
591
597
747
865
954
261
305
565
667
672
778
874
140
167
245
309
378
556
671
804
24
29
39
77
332
356
560
647
656
708
787
827
63
208
400
493
541
791
933
21
176
284
319
369
389
727
785
931
45
62
136
222
574
678
733
978
75
430
441
790
819
875
971
184
230
235
333
440
520
649
682
893
60
177
205
210
687
764
844
232
240
303
325
346
397
851
859
863
74
141
142
323
646
784
895
959
477
869
900
955
14
316
342
377
692
829
917
966
17
112
268
278
776
983
1
519
640
655
722
809
842
848
938
315
531
538
593
602
767
110
491
811
107
121
354
374
489
592
621
220
274
453
540
693
713
772
914
43
194
293
431
505
843
16
56
258
351
412
486
506
515
174
276
326
569
626
690
691
694
766
164
738
976
170
192
282
186
420
734
822
870
340
362
132
212
357
379
639
780
989
317
948
448
854
42
380
122
642
135
308
33
748
