750
408 392
155 153
661 344
620 262
837 341
796 795
813 751
832 808
144 134
150 105
275
589 586
402 401
313
409 372
581 553
965 94
543 521
327 318
49 993
744 721
470 469
415 413
481 475
862 853
861 847
243 339
740 735
101 67
841 835
410 394
137 133
670 665
259 188
579 108
932 912
800 204
714 686
386 256
251
511 471
231 138
387
330 321
95 76
947 937
995 894
577 545
461 458
660 637
485
371 345
447 438
840 817
662 653
973 952
494 482
936
814 797
915 903
885 873
44 31
226 114
695 689
227 199
518 490
833 825
478 465
297 285
991 982
619 615
450
81
701 674
524 522
513 289
591
432 51
503 501
584
270 236
496 15
200 195
881 858
996 967
567
23
960 929
130 99
30 12
770 242
182 157
856 846
455 454
151 169
40 32
215 91
383 376
407 388
984 953
452 444
765 726
87
223 218
943 920
65 61
810 774
307 304
716 703
146 124
743
18 6
849
964
605
867
129 115
879 866
165 162
238 234
384 88
617 263
260
437 434
156 147
536
497
572 571
819
789 759
595 590
681 664
916 8
988 977
365 355
815
624 622
46 2
630 608
834 818
173 118
659 635
26 10
876 838
786
368 249
78
286
103
424 422
544 537
956 183
426 405
891 872
338 288
171 168
382 373
246 224
487 484
857 805
161 158
609 573
711 684
116 71
723
627
443 414
562 525
720 717
612 583
769 758
375 353
59 55
143 128
474 459
994
295 27
198 172
93 80
760 705
343 337
257 248
495 492
950
889
636 633
753 715
688
92
266 250
911 882
728
961 928
322 306
713
604
113
287
606
13
291 264
66 58
197
654
109
820
359 331
350 336
85 82
771
163 160
468
216
560
576
0 990
788 782
429
550
217
643 625
314
763 737
533
28
302
698 676
117 86
919 918
949 930
585 582
777
179
364
644
309
399 20
697 675
958 957
566 547
131 119
868 828
290 273
588
645
149
802
102 96
320
72 52
534 528
801 794
529 464
745
451
773 731
193
252 244
488
301
736
211
628 601
563 517
599 580
855
542 527
145
768
335 269
411
148
245
210
508
539
423
756
634 618
126 123
824 806
913
638
706
836
277
254
710 709
300
89
632 631
700 685
890
899
111
385 366
472
725
907
663
480
951
125
421
934 927
428 390
3
47 36
22
775
906
500
924
219
278
57 37
926
578 568
247
255
762 752
657 651
910 897
729
746
871 816
389
559
887
629
968 946
64 981
381
214 206
504
732
750 749
416
403 398
860
83
962
552 548
463
457
419 417
830
594
241
329
972
154
70
561
509
557
799
265
280 271
986
668 666
954
127
367
997
510 498
546
404
979 974
370
69 68
296
479
761
798 783
739
779
963
683 673
607 535
205
923
439
941 940
5
939
564 558
551
38
185 175
34
433
41
793 781
187
476 466
201
724
189
969
436
196
880
4
167
877
532
499
294
901 898
237 191
357
395 310
884 883
757
507
207 190
50
623
845
712
908
391
19
896
803
886
708
555
942
541
677
228
467
194
181
730
90
84 79
909 904
667
864
166
348
702
648
292
792
360
473
704
279
178
839
349
281
253 221
462
707
305
613
727
755
616
75
992
641
139
11
921
821
679
614
7
549
35
460
874
48
935
456
900
427 418
208
852
878
829
104 97
486
980 945
328
671
776
596
106
202
603 600
180 152
905
598 587
530
120
523 512
888
554
987
272
98
347
893
626
902 892
502
754
298
597
21
203
54 53
378
831
516
363 324
944
719
440
999 985
646
610
970
575
435
268
699 696
393
922
812
650
998
449 445
352
361
778
332
25
602
396
73
931
718
442
844
823
358
233
60
9
299
804
865
669
687
870
975
430
333
925
526
229
483
159
369
791
284
283
311
261
400
232
863
693
656
570
875
240
565
742
406
446
319
978
722
827
225
212
851
843
811
209
850
983
177
933
356
334
506
315
136
140
63
505
176
917
312
787
895
569
184
24
100
826
493
142
362
790
29
39
342
425
267
692
274
682
842
611
741
514
222
869
213
62
680
412
785
186
276
652
640
647
239
738
593
303
379
519
235
45
420
822
809
672
733
772
859
340
107
491
976
690
325
441
649
489
938
293
110
780
658
1
914
323
959
556
431
574
807
540
377
346
592
43
538
955
764
520
767
112
132
453
966
380
174
121
848
531
230
678
747
621
316
17
77
854
694
351
258
655
374
515
164
397
354
326
170
74
639
989
971
948
784
766
748
734
691
317
642
192
477
33
448
308
282
220
141
122
135
16
42
14
56
